16  50  
-2.52777  -1.81311  -1.26392  -0.824764  -0.489369  -0.417707  -0.218987  -0.0518242  0.0518242  0.218987  0.417707  0.489369  0.824764  1.26392  1.81311  2.52777  
-2.73971  -1.96863  -1.3999  -0.961358  -0.607091  -0.534169  -0.290153  -0.072266  0.072266  0.290153  0.534169  0.607091  0.961358  1.3999  1.96863  2.73971  
-2.9822  -2.16255  -1.55164  -1.04723  -0.643143  -0.573228  -0.310959  -0.0810633  0.0810633  0.310959  0.573228  0.643143  1.04723  1.55164  2.16255  2.9822  
-3.13913  -2.24899  -1.61122  -1.09537  -0.680949  -0.613324  -0.331518  -0.0871474  0.0871474  0.331518  0.613324  0.680949  1.09537  1.61122  2.24899  3.13913  
-3.69816  -2.69439  -1.97648  -1.36145  -0.853038  -0.781039  -0.413864  -0.105903  0.105903  0.413864  0.781039  0.853038  1.36145  1.97648  2.69439  3.69816  
-3.79623  -2.76274  -1.96371  -1.32518  -0.809932  -0.742998  -0.388398  -0.104726  0.104726  0.388398  0.742998  0.809932  1.32518  1.96371  2.76274  3.79623  
-4.08789  -2.9338  -2.08945  -1.43828  -0.924073  -0.857078  -0.459901  -0.119561  0.119561  0.459901  0.857078  0.924073  1.43828  2.08945  2.9338  4.08789  
-4.17344  -2.96857  -2.13116  -1.47185  -0.916922  -0.852937  -0.443383  -0.117837  0.117837  0.443383  0.852937  0.916922  1.47185  2.13116  2.96857  4.17344  
-6.22722  -4.33166  -3.11438  -2.21372  -1.50304  -0.924254  -0.458702  -0.121994  0.121994  0.458702  0.924254  1.50304  2.21372  3.11438  4.33166  6.22722  
-6.51046  -4.48913  -3.29134  -2.3716  -1.66924  -1.01254  -0.479558  -0.127554  0.127554  0.479558  1.01254  1.66924  2.3716  3.29134  4.48913  6.51046  
-6.70598  -4.60157  -3.34195  -2.38581  -1.60284  -0.980531  -0.477968  -0.12771  0.12771  0.477968  0.980531  1.60284  2.38581  3.34195  4.60157  6.70598  
-6.78797  -4.66183  -3.38537  -2.41187  -1.61507  -0.992957  -0.501672  -0.143083  0.143083  0.501672  0.992957  1.61507  2.41187  3.38537  4.66183  6.78797  
-6.90264  -4.7113  -3.42695  -2.45914  -1.67768  -1.04277  -0.550114  -0.170277  0.170277  0.550114  1.04277  1.67768  2.45914  3.42695  4.7113  6.90264  
-7.07865  -4.82906  -3.51273  -2.54553  -1.84859  -1.25955  -0.7132  -0.212696  0.212696  0.7132  1.25955  1.84859  2.54553  3.51273  4.82906  7.07865  
-7.29942  -4.96671  -3.57038  -2.59471  -1.84731  -1.22735  -0.682114  -0.20286  0.20286  0.682114  1.22735  1.84731  2.59471  3.57038  4.96671  7.29942  
-7.41985  -5.06784  -3.7251  -2.6934  -1.90315  -1.26709  -0.703392  -0.206889  0.206889  0.703392  1.26709  1.90315  2.6934  3.7251  5.06784  7.41985  
-7.56438  -5.17032  -3.79817  -2.78297  -1.97666  -1.28475  -0.692488  -0.201599  0.201599  0.692488  1.28475  1.97666  2.78297  3.79817  5.17032  7.56438  
-7.66541  -5.24267  -3.85532  -2.8176  -1.97101  -1.27706  -0.697537  -0.204381  0.204381  0.697537  1.27706  1.97101  2.8176  3.85532  5.24267  7.66541  
-7.9593  -5.45945  -3.93662  -2.84252  -2.01383  -1.31511  -0.703944  -0.2013  0.2013  0.703944  1.31511  2.01383  2.84252  3.93662  5.45945  7.9593  
-8.09459  -5.53714  -4.02024  -2.88997  -2.00921  -1.31278  -0.717626  -0.205635  0.205635  0.717626  1.31278  2.00921  2.88997  4.02024  5.53714  8.09459  
-8.12897  -5.57288  -4.06803  -2.9256  -2.02393  -1.31173  -0.714707  -0.207099  0.207099  0.714707  1.31173  2.02393  2.9256  4.06803  5.57288  8.12897  
-8.22075  -5.62804  -4.09807  -2.94902  -2.0441  -1.33037  -0.727122  -0.211484  0.211484  0.727122  1.33037  2.0441  2.94902  4.09807  5.62804  8.22075  
-8.25486  -5.66012  -4.08359  -2.95647  -2.12402  -1.39179  -0.739476  -0.21585  0.21585  0.739476  1.39179  2.12402  2.95647  4.08359  5.66012  8.25486  
-8.273  -5.69667  -4.14358  -2.99299  -2.09769  -1.36507  -0.74474  -0.218952  0.218952  0.74474  1.36507  2.09769  2.99299  4.14358  5.69667  8.273  
-8.31578  -5.71169  -4.13928  -3.00508  -2.13648  -1.39471  -0.752586  -0.224365  0.224365  0.752586  1.39471  2.13648  3.00508  4.13928  5.71169  8.31578  
-8.37571  -5.79754  -4.22482  -3.05182  -2.16021  -1.41658  -0.772422  -0.231921  0.231921  0.772422  1.41658  2.16021  3.05182  4.22482  5.79754  8.37571  
-8.44949  -5.84261  -4.24522  -3.07283  -2.17761  -1.42225  -0.770019  -0.233988  0.233988  0.770019  1.42225  2.17761  3.07283  4.24522  5.84261  8.44949  
-8.45598  -5.86784  -4.26016  -3.08534  -2.19139  -1.43224  -0.777419  -0.238533  0.238533  0.777419  1.43224  2.19139  3.08534  4.26016  5.86784  8.45598  
-8.48433  -5.89757  -4.28826  -3.12295  -2.22168  -1.44588  -0.784581  -0.242536  0.242536  0.784581  1.44588  2.22168  3.12295  4.28826  5.89757  8.48433  
-8.53407  -5.94242  -4.31849  -3.1436  -2.23887  -1.45971  -0.794386  -0.250193  0.250193  0.794386  1.45971  2.23887  3.1436  4.31849  5.94242  8.53407  
-8.57147  -5.98112  -4.33833  -3.06644  -2.05144  -1.3143  -0.712196  -0.20747  0.20747  0.712196  1.3143  2.05144  3.06644  4.33833  5.98112  8.57147  
-8.5204  -5.89211  -4.3372  -3.22986  -2.30927  -1.48122  -0.788103  -0.240307  0.240307  0.788103  1.48122  2.30927  3.22986  4.3372  5.89211  8.5204  
-8.67413  -6.11818  -4.50902  -3.33595  -2.43674  -1.56772  -0.832751  -0.271855  0.271855  0.832751  1.56772  2.43674  3.33595  4.50902  6.11818  8.67413  
-8.88842  -6.27783  -4.63797  -3.52746  -2.62744  -1.81476  -1.02807  -0.317127  0.317127  1.02807  1.81476  2.62744  3.52746  4.63797  6.27783  8.88842  
-8.85791  -6.0656  -4.48037  -3.35465  -2.46148  -1.70257  -0.991273  -0.320508  0.320508  0.991273  1.70257  2.46148  3.35465  4.48037  6.0656  8.85791  
-8.89575  -6.30093  -4.62541  -3.35009  -2.39034  -1.64161  -0.960588  -0.316417  0.316417  0.960588  1.64161  2.39034  3.35009  4.62541  6.30093  8.89575  
-8.95381  -6.28753  -4.63133  -3.39162  -2.49361  -1.76819  -1.01252  -0.316587  0.316587  1.01252  1.76819  2.49361  3.39162  4.63133  6.28753  8.95381  
-9.08111  -6.41805  -4.70638  -3.41094  -2.46033  -1.72988  -1.01547  -0.329289  0.329289  1.01547  1.72988  2.46033  3.41094  4.70638  6.41805  9.08111  
-9.14358  -6.47966  -4.79396  -3.60911  -2.64935  -1.7893  -1.01988  -0.325811  0.325811  1.01988  1.7893  2.64935  3.60911  4.79396  6.47966  9.14358  
-9.15592  -6.3609  -4.63224  -3.41486  -2.50807  -1.70397  -0.977537  -0.322547  0.322547  0.977537  1.70397  2.50807  3.41486  4.63224  6.3609  9.15592  
-9.18978  -6.52853  -4.80884  -3.6102  -2.69212  -1.8724  -1.09024  -0.360421  0.360421  1.09024  1.8724  2.69212  3.6102  4.80884  6.52853  9.18978  
-9.34473  -6.66624  -4.93496  -3.5866  -2.57901  -1.74525  -0.974034  -0.3007  0.3007  0.974034  1.74525  2.57901  3.5866  4.93496  6.66624  9.34473  
-9.4215  -6.60181  -4.88261  -3.60616  -2.60445  -1.82693  -1.12496  -0.371228  0.371228  1.12496  1.82693  2.60445  3.60616  4.88261  6.60181  9.4215  
-9.4576  -6.61191  -4.88712  -3.56571  -2.56319  -1.82026  -1.12255  -0.373354  0.373354  1.12255  1.82026  2.56319  3.56571  4.88712  6.61191  9.4576  
-9.47592  -6.61933  -4.8911  -3.56523  -2.55925  -1.82397  -1.1281  -0.378164  0.378164  1.1281  1.82397  2.55925  3.56523  4.8911  6.61933  9.47592  
-9.52998  -6.65037  -4.91177  -3.57922  -2.56782  -1.83044  -1.13494  -0.382485  0.382485  1.13494  1.83044  2.56782  3.57922  4.91177  6.65037  9.52998  
-9.60092  -6.69312  -4.94309  -3.60173  -2.58314  -1.84271  -1.14384  -0.385138  0.385138  1.14384  1.84271  2.58314  3.60173  4.94309  6.69312  9.60092  
-10.4546  -7.50931  -5.54543  -4.10164  -2.96663  -2.03525  -1.1937  -0.390287  0.390287  1.1937  2.03525  2.96663  4.10164  5.54543  7.50931  10.4546  
-10.0458  -6.95888  -5.1745  -3.96625  -2.87699  -1.9264  -1.06901  -0.30712  0.30712  1.06901  1.9264  2.87699  3.96625  5.1745  6.95888  10.0458  
-10.5096  -7.3767  -5.43391  -4.13453  -2.95518  -1.92251  -1.07071  -0.312592  0.312592  1.07071  1.92251  2.95518  4.13453  5.43391  7.3767  10.5096  


-5.51081  -3.89917  -2.95213  -2.24375  -1.69165  -1.1963  -0.71152  -0.2354  0.2354  0.71152  1.1963  1.69165  2.24375  2.95213  3.89917  5.51081  
-5.83176  -4.07225  -3.08336  -2.34606  -1.73089  -1.18183  -0.69353  -0.231051  0.231051  0.69353  1.18183  1.73089  2.34606  3.08336  4.07225  5.83176  
-6.06594  -4.16017  -3.11106  -2.35165  -1.73074  -1.18355  -0.687991  -0.225676  0.225676  0.687991  1.18355  1.73074  2.35165  3.11106  4.16017  6.06594  
-6.8372  -4.77521  -3.56501  -2.71721  -2.00798  -1.36763  -0.785605  -0.25087  0.25087  0.785605  1.36763  2.00798  2.71721  3.56501  4.77521  6.8372  
-7.01567  -4.79518  -3.5738  -2.66635  -1.91552  -1.27884  -0.716217  -0.233532  0.233532  0.716217  1.27884  1.91552  2.66635  3.5738  4.79518  7.01567  
-7.45544  -5.04713  -3.72348  -2.75753  -2.00786  -1.38157  -0.795817  -0.249958  0.249958  0.795817  1.38157  2.00786  2.75753  3.72348  5.04713  7.45544  
-7.65708  -5.06859  -3.70988  -2.75755  -2.00799  -1.34586  -0.745869  -0.234443  0.234443  0.745869  1.34586  2.00799  2.75755  3.70988  5.06859  7.65708  
-8.03142  -5.25243  -3.82378  -2.81378  -2.01111  -1.33816  -0.744443  -0.231329  0.231329  0.744443  1.33816  2.01111  2.81378  3.82378  5.25243  8.03142  
-8.31533  -5.36465  -3.95622  -2.94967  -2.1631  -1.42004  -0.75178  -0.231287  0.231287  0.75178  1.42004  2.1631  2.94967  3.95622  5.36465  8.31533  
-8.51165  -5.42937  -3.97598  -2.93459  -2.0618  -1.35314  -0.729955  -0.223108  0.223108  0.729955  1.35314  2.0618  2.93459  3.97598  5.42937  8.51165  
-8.59458  -5.43627  -3.98713  -2.93145  -2.04897  -1.34359  -0.742254  -0.239968  0.239968  0.742254  1.34359  2.04897  2.93145  3.98713  5.43627  8.59458  
-8.71002  -5.44859  -3.9975  -2.95216  -2.09097  -1.38049  -0.786569  -0.274075  0.274075  0.786569  1.38049  2.09097  2.95216  3.9975  5.44859  8.71002  
-8.88656  -5.53389  -4.06126  -3.01643  -2.24966  -1.60267  -0.973976  -0.328555  0.328555  0.973976  1.60267  2.24966  3.01643  4.06126  5.53389  8.88656  
-9.10771  -5.64827  -4.10462  -3.04433  -2.23128  -1.55002  -0.920318  -0.306317  0.306317  0.920318  1.55002  2.23128  3.04433  4.10462  5.64827  9.10771  
-9.22863  -5.72203  -4.23319  -3.13652  -2.27296  -1.57736  -0.932493  -0.304969  0.304969  0.932493  1.57736  2.27296  3.13652  4.23319  5.72203  9.22863  
-9.37354  -5.80391  -4.29245  -3.20807  -2.33713  -1.58286  -0.907028  -0.291459  0.291459  0.907028  1.58286  2.33713  3.20807  4.29245  5.80391  9.37354  
-9.47496  -5.85795  -4.3357  -3.22867  -2.31698  -1.55906  -0.901215  -0.289751  0.289751  0.901215  1.55906  2.31698  3.22867  4.3357  5.85795  9.47496  
-9.76886  -6.06686  -4.41958  -3.23944  -2.34607  -1.58865  -0.898785  -0.280639  0.280639  0.898785  1.58865  2.34607  3.23944  4.41958  6.06686  9.76886  
-9.90442  -6.13582  -4.4879  -3.27885  -2.32921  -1.57257  -0.905079  -0.281874  0.281874  0.905079  1.57257  2.32921  3.27885  4.4879  6.13582  9.90442  
-9.93918  -6.15706  -4.52064  -3.30381  -2.33244  -1.56062  -0.892494  -0.279645  0.279645  0.892494  1.56062  2.33244  3.30381  4.52064  6.15706  9.93918  
-10.0312  -6.20438  -4.54001  -3.315  -2.34198  -1.57029  -0.898472  -0.281519  0.281519  0.898472  1.57029  2.34198  3.315  4.54001  6.20438  10.0312  
-10.0657  -6.22514  -4.51769  -3.30654  -2.41266  -1.62902  -0.904786  -0.283515  0.283515  0.904786  1.62902  2.41266  3.30654  4.51769  6.22514  10.0657  
-10.0841  -6.2482  -4.56511  -3.33561  -2.37647  -1.58874  -0.903239  -0.284011  0.284011  0.903239  1.58874  2.37647  3.33561  4.56511  6.2482  10.0841  
-10.1272  -6.25677  -4.54999  -3.33457  -2.40633  -1.61266  -0.90494  -0.287608  0.287608  0.90494  1.61266  2.40633  3.33457  4.54999  6.25677  10.1272  
-10.1874  -6.32997  -4.62648  -3.37573  -2.42157  -1.62706  -0.920507  -0.293822  0.293822  0.920507  1.62706  2.42157  3.37573  4.62648  6.32997  10.1874  
-10.2614  -6.36841  -4.63843  -3.38564  -2.43083  -1.625  -0.911103  -0.29343  0.29343  0.911103  1.625  2.43083  3.38564  4.63843  6.36841  10.2614  
-10.2682  -6.38144  -4.64403  -3.38766  -2.43611  -1.62751  -0.913005  -0.296064  0.296064  0.913005  1.62751  2.43611  3.38766  4.64403  6.38144  10.2682  
-10.2968  -6.40152  -4.66195  -3.41576  -2.45958  -1.63416  -0.914857  -0.298093  0.298093  0.914857  1.63416  2.45958  3.41576  4.66195  6.40152  10.2968  
-10.3468  -6.43764  -4.68343  -3.42707  -2.46875  -1.64111  -0.919699  -0.30456  0.30456  0.919699  1.64111  2.46875  3.42707  4.68343  6.43764  10.3468  
-10.3845  -6.46629  -4.69477  -3.34376  -2.26313  -1.47554  -0.823871  -0.251341  0.251341  0.823871  1.47554  2.26313  3.34376  4.69477  6.46629  10.3845  
-10.3338  -6.37022  -4.67147  -3.49651  -2.52663  -1.64908  -0.901653  -0.287529  0.287529  0.901653  1.64908  2.52663  3.49651  4.67147  6.37022  10.3338  
-10.4876  -6.58141  -4.84624  -3.59728  -2.6503  -1.7347  -0.944727  -0.321894  0.321894  0.944727  1.7347  2.6503  3.59728  4.84624  6.58141  10.4876  
-10.702  -6.73891  -4.96957  -3.78492  -2.8413  -1.98554  -1.15095  -0.371123  0.371123  1.15095  1.98554  2.8413  3.78492  4.96957  6.73891  10.702  
-10.6718  -6.53298  -4.78546  -3.5989  -2.65615  -1.85794  -1.10463  -0.371985  0.371985  1.10463  1.85794  2.65615  3.5989  4.78546  6.53298  10.6718  
-10.7099  -6.7379  -4.93798  -3.58767  -2.57249  -1.78646  -1.06567  -0.364408  0.364408  1.06567  1.78646  2.57249  3.58767  4.93798  6.7379  10.7099  
-10.7683  -6.71758  -4.92914  -3.61826  -2.67137  -1.91181  -1.11563  -0.361778  0.361778  1.11563  1.91181  2.67137  3.61826  4.92914  6.71758  10.7683  
-10.8958  -6.83935  -4.99916  -3.62998  -2.62785  -1.8635  -1.11247  -0.373102  0.373102  1.11247  1.8635  2.62785  3.62998  4.99916  6.83935  10.8958  
-10.9585  -6.88762  -5.07549  -3.8201  -2.81899  -1.91884  -1.11147  -0.366377  0.366377  1.11147  1.91884  2.81899  3.8201  5.07549  6.88762  10.9585  
-10.9712  -6.76525  -4.89464  -3.60972  -2.65953  -1.82164  -1.06057  -0.359997  0.359997  1.06057  1.82164  2.65953  3.60972  4.89464  6.76525  10.9712  
-11.0054  -6.90922  -5.06718  -3.79943  -2.84303  -1.99002  -1.17345  -0.398686  0.398686  1.17345  1.99002  2.84303  3.79943  5.06718  6.90922  11.0054  
-11.1606  -7.03519  -5.18578  -3.77023  -2.71597  -1.8496  -1.04609  -0.330913  0.330913  1.04609  1.8496  2.71597  3.77023  5.18578  7.03519  11.1606  
-11.2377  -6.96568  -5.11332  -3.77705  -2.73422  -1.9256  -1.19817  -0.40456  0.40456  1.19817  1.9256  2.73422  3.77705  5.11332  6.96568  11.2377  
-11.2741  -6.96121  -5.10506  -3.72663  -2.68033  -1.91143  -1.18985  -0.404022  0.404022  1.18985  1.91143  2.68033  3.72663  5.10506  6.96121  11.2741  
-11.2928  -6.95132  -5.09577  -3.71499  -2.66734  -1.9081  -1.18997  -0.406467  0.406467  1.18997  1.9081  2.66734  3.71499  5.09577  6.95132  11.2928  
-11.3472  -6.96663  -5.1039  -3.71845  -2.66753  -1.90771  -1.19162  -0.408437  0.408437  1.19162  1.90771  2.66753  3.71845  5.1039  6.96663  11.3472  
-11.4185  -6.99406  -5.12299  -3.73088  -2.67487  -1.91344  -1.19561  -0.408722  0.408722  1.19561  1.91344  2.67487  3.73088  5.12299  6.99406  11.4185  
-12.2716  -7.82854  -5.74496  -4.23584  -3.0622  -2.1057  -1.24209  -0.411721  0.411721  1.24209  2.1057  3.0622  4.23584  5.74496  7.82854  12.2716  
-11.8638  -7.24087  -5.3337  -4.0814  -2.96273  -1.98722  -1.10953  -0.322679  0.322679  1.10953  1.98722  2.96273  4.0814  5.3337  7.24087  11.8638  
-12.3274  -7.66718  -5.59376  -4.24537  -3.03536  -1.97712  -1.10674  -0.326588  0.326588  1.10674  1.97712  3.03536  4.24537  5.59376  7.66718  12.3274  
-11.9464  -7.28176  -5.27528  -3.9082  -2.84511  -1.93648  -1.07636  -0.30207  0.30207  1.07636  1.93648  2.84511  3.9082  5.27528  7.28176  11.9464  
