2.6  12756  1  11.4439
2.6  273452  1  11.433
2.6  1760901  0  11.4389
2.6  86143  1  11.4468
2.6  26892  1  11.4379
2.6  147906  1  11.4431
2.6  1039924  1  11.4371
2.6  502647  1  11.436
2.6  1471  1  11.5262
2.6  729106  1  11.4397
2.6  834433  1  11.44
2.6  161796  1  11.4413
2.6  1597796  1  11.435
2.6  382657  1  11.4405
2.6  38116  1  11.4432
2.6  547707  1  11.4396
2.6  422688  1  11.4414
2.6  252632  1  11.4425
2.6  28479  1  11.4406
2.6  135276  1  11.4391
2.6  189166  1  11.446
2.6  211717  1  11.4301
2.6  291158  1  11.4371
2.6  262812  1  11.4436
2.6  1638228  1  11.4389
2.6  501777  1  11.4308
2.6  15182  1  11.4287
2.6  18724  1  11.4322
2.6  352928  1  11.4342
2.6  400221  1  11.4353
