16 50  
-1.82746  -1.27928  -0.839602  -0.489369  -0.417707  -0.227148  -0.0545171  
-1.98406  -1.41564  -0.9764  -0.607091  -0.534169  -0.299141  -0.0754177  
-2.1781  -1.56744  -1.06231  -0.643143  -0.573228  -0.319733  -0.0842318  
-2.26472  -1.62689  -1.11014  -0.680949  -0.613324  -0.340139  -0.0902651  
-2.70985  -1.99197  -1.37665  -0.853038  -0.781039  -0.423301  -0.109353  
-2.77807  -1.97937  -1.33975  -0.809932  -0.742998  -0.396989  -0.107917  
-2.94927  -2.10476  -1.45267  -0.924073  -0.857078  -0.469017  -0.122924  
-2.98394  -2.14607  -1.48583  -0.916922  -0.852937  -0.451816  -0.120944  
-4.34712  -3.12958  -2.22845  -1.51669  -0.935978  -0.466878  -0.124997  
-4.50463  -3.30591  -2.38604  -1.68264  -1.02433  -0.487536  -0.130484  
-4.61705  -3.35643  -2.39998  -1.61577  -0.991555  -0.485512  -0.130469  
-4.67715  -3.39961  -2.42567  -1.62758  -1.00353  -0.509019  -0.145954  
-4.7266  -3.44088  -2.47253  -1.68978  -1.05312  -0.557467  -0.173426  
-4.84417  -3.52644  -2.55853  -1.86036  -1.27012  -0.721427  -0.216293  
-4.98169  -3.58407  -2.60732  -1.85881  -1.23745  -0.689744  -0.20612  
-5.08259  -3.73822  -2.70601  -1.91436  -1.27693  -0.710824  -0.210026  
-5.18492  -3.81116  -2.79518  -1.9877  -1.29433  -0.699532  -0.204509  
-5.25715  -3.86815  -2.82959  -1.98178  -1.28623  -0.704298  -0.207179  
-5.47382  -3.94972  -2.85426  -2.02426  -1.32408  -0.710474  -0.203928  
-5.55153  -4.03305  -2.90161  -2.01939  -1.32139  -0.723964  -0.208186  
-5.58718  -4.08059  -2.93704  -2.03384  -1.32005  -0.720769  -0.209549  
-5.64237  -4.11049  -2.96021  -2.05376  -1.33845  -0.733009  -0.21387  
-5.67439  -4.096  -2.96728  -2.13341  -1.39983  -0.745196  -0.218174  
-5.7108  -4.15573  -3.00367  -2.10687  -1.37271  -0.750262  -0.221204  
-5.72586  -4.15128  -3.01544  -2.14542  -1.4022  -0.757928  -0.226569  
-5.81152  -4.23663  -3.06208  -2.16892  -1.42386  -0.777645  -0.234093  
-5.85658  -4.25691  -3.08283  -2.18611  -1.4293  -0.775025  -0.236087  
-5.88166  -4.27169  -3.09508  -2.19966  -1.43908  -0.782257  -0.240576  
-5.9113  -4.29959  -3.13245  -2.22977  -1.45251  -0.789254  -0.244521  
-5.95606  -4.32966  -3.15287  -2.24674  -1.46614  -0.798904  -0.252147  
-5.99463  -4.34935  -3.07564  -2.05881  -1.32007  -0.716248  -0.209053  
-5.90568  -4.34762  -3.23868  -2.3168  -1.48724  -0.79224  -0.242023  
-6.13132  -4.51956  -3.34463  -2.44414  -1.57372  -0.836848  -0.273682  
-6.29096  -4.64837  -3.53599  -2.63485  -1.82088  -1.03257  -0.319111  
-6.07925  -4.49011  -3.3629  -2.46832  -1.70819  -0.995451  -0.322409  
-6.3137  -4.63545  -3.3582  -2.39681  -1.64688  -0.964482  -0.318198  
-6.30029  -4.64098  -3.3994  -2.49993  -1.77343  -1.01636  -0.318272  
-6.43063  -4.71595  -3.41852  -2.46634  -1.73479  -1.0191  -0.330931  
-6.49198  -4.80321  -3.6164  -2.65544  -1.79408  -1.02332  -0.327338  
-6.37336  -4.64103  -3.42171  -2.51357  -1.70834  -0.980671  -0.323964  
-6.54033  -4.81753  -3.61685  -2.6976  -1.87678  -1.09339  -0.361875  
-6.67777  -4.94344  -3.59314  -2.58404  -1.74917  -0.97678  -0.301853  
-6.61339  -4.89051  -3.61229  -2.60925  -1.83065  -1.12776  -0.372506  
-6.62318  -4.89466  -3.57154  -2.56755  -1.82371  -1.12513  -0.374535  
-6.6302  -4.89826  -3.5707  -2.56331  -1.82718  -1.13048  -0.379258  
-6.66086  -4.91856  -3.58434  -2.57158  -1.8334  -1.13714  -0.383493  
-6.70323  -4.9495  -3.60652  -2.58661  -1.84543  -1.14585  -0.386057  
-7.51982  -5.5525  -4.10658  -2.97025  -2.03797  -1.19559  -0.391125  
-6.96853  -5.18025  -3.97054  -2.88026  -1.92875  -1.0706  -0.30773  
-7.38661  -5.43971  -4.13867  -2.95826  -1.92464  -1.07212  -0.313142  


-4.6002  -3.38845  -2.57299  -1.94908  -1.43621  -0.946699  -0.46701  
-4.82157  -3.52857  -2.69137  -2.02081  -1.44059  -0.932728  -0.452883  
-4.95906  -3.58876  -2.70706  -2.02251  -1.44299  -0.927732  -0.453433  
-5.63481  -4.10822  -3.10919  -2.34013  -1.66965  -1.06455  -0.50972  
-5.6992  -4.11667  -3.08739  -2.26306  -1.5783  -0.987643  -0.471277  
-6.01422  -4.30612  -3.2025  -2.35781  -1.67202  -1.07898  -0.5157  
-6.09488  -4.31385  -3.19598  -2.35725  -1.65509  -1.03059  -0.481033  
-6.33273  -4.45148  -3.27384  -2.38691  -1.65318  -1.02907  -0.484611  
-6.49872  -4.57637  -3.40867  -2.52665  -1.76923  -1.0733  -0.483679  
-6.59635  -4.61135  -3.40264  -2.46352  -1.68657  -1.02342  -0.46974  
-6.62849  -4.62162  -3.40735  -2.45761  -1.67561  -1.03488  -0.4848  
-6.66679  -4.63279  -3.42524  -2.49195  -1.71166  -1.07487  -0.515481  
-6.77175  -4.70117  -3.48693  -2.60294  -1.91054  -1.27241  -0.639988  
-6.91592  -4.77704  -3.52399  -2.60731  -1.87308  -1.2178  -0.600992  
-6.99906  -4.88328  -3.63129  -2.67146  -1.90666  -1.24119  -0.605085  
-7.10391  -4.94712  -3.69261  -2.73766  -1.939  -1.23228  -0.583625  
-7.16782  -4.99151  -3.72797  -2.74199  -1.91127  -1.21808  -0.586582  
-7.39584  -5.12755  -3.77057  -2.75067  -1.93551  -1.22842  -0.578077  
-7.47979  -5.19684  -3.81872  -2.76825  -1.92928  -1.22704  -0.585629  
-7.50778  -5.22406  -3.85094  -2.78236  -1.92403  -1.20204  -0.5732  
-7.5672  -5.25509  -3.86286  -2.79289  -1.93692  -1.22281  -0.581337  
-7.57994  -5.24998  -3.85136  -2.82723  -1.98998  -1.24889  -0.58273  
-7.60566  -5.28742  -3.88155  -2.8194  -1.95659  -1.23376  -0.58523  
-7.62901  -5.27814  -3.87922  -2.83822  -1.98626  -1.23745  -0.588651  
-7.69564  -5.35852  -3.93342  -2.85763  -2.00036  -1.25968  -0.595791  
-7.74118  -5.3807  -3.94305  -2.86916  -1.99983  -1.25409  -0.592504  
-7.75017  -5.38478  -3.94672  -2.86626  -2.00835  -1.24876  -0.599256  
-7.78176  -5.40545  -3.96998  -2.89783  -2.0223  -1.24874  -0.595  
-7.81555  -5.42902  -3.98855  -2.91259  -2.02503  -1.26293  -0.601656  
-7.84864  -5.44976  -3.9402  -2.74643  -1.84624  -1.13669  -0.525604  
-7.7623  -5.39546  -4.02376  -2.96844  -2.05931  -1.26016  -0.58858  
-7.95691  -5.59124  -4.15503  -3.08165  -2.16116  -1.32353  -0.62368  
-8.12959  -5.72695  -4.31545  -3.27417  -2.38191  -1.54203  -0.741911  
-7.96429  -5.52994  -4.12961  -3.09002  -2.22723  -1.45409  -0.729416  
-8.13265  -5.69864  -4.18698  -3.04009  -2.14668  -1.40429  -0.696144  
-8.12667  -5.68769  -4.19776  -3.10469  -2.2606  -1.49275  -0.716768  
-8.24426  -5.77509  -4.2338  -3.09069  -2.22514  -1.4668  -0.73089  
-8.30076  -5.8394  -4.38439  -3.27703  -2.33822  -1.49628  -0.726652  
-8.21277  -5.68166  -4.18443  -3.09419  -2.21194  -1.42031  -0.694833  
-8.33145  -5.84312  -4.36303  -3.27973  -2.38697  -1.5571  -0.776615  
-8.46572  -5.97014  -4.38457  -3.19278  -2.24696  -1.42305  -0.669709  
-8.43116  -5.89396  -4.36319  -3.20845  -2.30283  -1.54321  -0.786118  
-8.43187  -5.88692  -4.33567  -3.14568  -2.27401  -1.52862  -0.784765  
-8.42594  -5.87997  -4.32205  -3.14783  -2.26609  -1.53194  -0.783936  
-8.45226  -5.88878  -4.32254  -3.14322  -2.25728  -1.52453  -0.788238  
-8.48863  -5.90617  -4.3454  -3.15528  -2.27266  -1.53866  -0.789541  
-9.32767  -6.60075  -4.89092  -3.59026  -2.54412  -1.64511  -0.809404  
-8.78187  -6.13647  -4.64298  -3.47279  -2.4411  -1.51991  -0.702009  
-9.2013  -6.44811  -4.83813  -3.57763  -2.45993  -1.51603  -0.695902  
-8.82352  -6.11264  -4.51143  -3.32303  -2.35813  -1.48216  -0.679131  
